0.008535
0.257186
0.005921
0.026399
0.084163
0.007425
0.118949
0.045376
0.096020
0.002135
0.376510
0.108170
0.013951
0.088755
0.021715
0.096516
0.183886
0.125040
0.096962
0.043871
0.131007
0.063666
0.020509
0.059733
0.060115
0.144608
0.011221
0.228631
0.125421
0.296898
0.198621
0.177060
0.275491
0.177002
0.030362
0.000453
0.293970
0.025140
0.007150
0.125451
0.051570
0.171460
0.015540
0.263038
0.004022
0.091875
0.118407
0.080344
0.004347
0.229112
0.252972
0.158438
0.036771
0.026109
0.000863
0.041589
0.083490
0.015998
0.119796
0.062846
0.220876
0.336423
0.110193
0.025596
0.054970
0.040534
0.392993
0.174813
0.230588
0.177713
0.080373
0.027879
0.021485
0.048016
0.139987
0.255202
0.040650
0.238188
0.054433
0.003678
0.193436
0.010411
0.177782
0.072263
0.093731
0.002643
0.049510
0.318284
0.005712
0.008114
0.159085
0.077405
0.099647
0.021733
0.005677
0.064775
0.025701
0.020910
0.032900
0.276731
0.000159
0.129821
0.045047
0.046976
0.007544
0.038692
0.105176
0.282973
0.228595
0.011908
0.175679
0.015444
0.026901
0.019636
0.059114
0.000253
0.049912
0.011236
0.027001
0.568020
0.102039
0.186691
0.099901
0.272672
0.029513
0.037919
0.003366
0.032055
0.046359
0.006151
0.084237
0.058561
0.059013
0.094491
0.218153
0.001118
0.263284
0.001571
0.000183
0.139538
0.031811
0.084624
0.048527
0.144692
0.050462
0.007162
0.101087
0.210049
0.213471
0.008568
0.002286
0.068500
0.026694
0.016230
0.037051
0.029789
0.022076
0.005015
0.022071
0.033458
0.006149
0.005216
0.017543
0.032497
0.089984
0.090315
0.003396
0.000654
0.016136
0.018627
0.008382
0.127551
0.064195
0.013851
0.029055
0.012475
0.002545
0.014546
0.014448
0.030156
0.033143
0.033086
0.001958
0.035713
0.005055
0.003743
0.003156
0.019685
0.036121
0.003977
0.017650
0.011713
0.081356
0.002552
0.027694
0.017811
0.004364
0.010043
0.002093
0.068954
0.009184
0.030724
0.036329
0.023371
0.013762
0.001157
0.013652
0.010661
0.016887
0.004269
0.016862
0.036777
0.063350
0.021940
0.040839
0.039953
0.035147
0.023671
0.003785
0.086547
0.006646
0.001827
0.031410
0.048348
0.011474
0.024553
0.060331
0.009109
0.076939
0.035905
0.004577
0.026179
0.069427
0.006937
0.045012
0.025649
0.004576
0.070263
0.001134
0.010349
0.029906
0.026150
0.001993
0.009651
0.001949
0.028903
0.009284
0.080442
0.017540
0.051914
0.002746
0.009850
0.002361
0.001292
0.048005
0.023493
0.071251
0.036561
0.030851
0.001825
0.015615
0.012835
0.016244
0.002195
0.150466
0.071796
0.058495
0.026358
0.058413
0.013032
0.035403
0.008136
0.004137
0.030155
0.019050
0.022797
0.032169
0.010802
0.000773
0.010834
0.055091
0.000244
0.022071
0.039255
0.017781
0.011634
0.056966
0.001987
0.035250
0.029877
0.031440
0.047578
0.007990
0.003740
0.065472
0.019577
0.010986
0.112453
0.003169
0.005568
0.032029
0.016238
0.199181
0.012032
0.009859
0.008703
0.002413
0.046880
0.090269
0.026159
0.004818
0.001402
0.002110
0.047666
0.061388
0.004735
0.041278
0.011219
0.004078
0.016326
0.011467
0.010244
0.114139
0.022400
0.054358
0.022358
0.219235
0.030990
0.036477
0.023348
0.024595
0.050580
0.028344
0.036822
0.019444
0.001088
0.050341
0.147269
0.014238
0.017918
0.033354
0.060875
0.058229
0.007745
0.022406
0.013638
0.016015
0.082295
0.048549
0.100841
0.002230
0.050003
0.006408
0.019624
0.029791
0.043707
0.036039
0.001698
0.021377
0.014976
0.023511
0.007339
0.012487
0.007488
0.039963
0.005603
0.010100
0.016955
0.074762
0.065082
0.039888
0.065093
0.022214
0.084625
0.060015
0.003321
0.051909
0.031561
0.021496
0.055280
0.006375
0.055831
0.037818
0.017055
0.001934
0.008802
0.016222
0.004282
0.003838
0.067191
0.078073
0.027294
0.112255
0.034547
0.005098
0.043749
0.015902
0.014041
0.038130
0.047238
0.091952
0.044117
0.113413
0.018752
0.014611
0.018697
0.013170
0.029905
0.012605
0.002669
0.005504
0.009803
0.010069
0.062606
0.046117
0.024094
0.010769
0.002457
0.003758
0.000281
0.003143
0.006849
0.048807
0.008099
0.011814
0.028758
0.018760
0.023682
0.051560
0.013478
0.038769
0.017020
0.028884
0.006290
0.012893
0.004316
0.009430
0.005496
0.032997
0.012167
0.059431
0.000004
0.002990
0.000146
0.032149
0.016368
0.010203
0.030029
0.055999
0.027127
0.031032
0.002383
0.046906
0.004946
0.045345
0.050260
0.000231
0.067708
0.014421
0.033678
0.042631
0.001987
0.048926
0.003839
0.028609
0.040107
0.003211
0.010108
0.021230
0.011356
0.028334
0.030889
0.039496
0.033811
0.002957
0.042442
0.019745
0.015687
0.068547
0.007530
0.016074
0.001493
0.003011
0.022722
0.023155
0.003893
0.027658
0.019445
0.013704
0.017708
0.036013
0.027924
0.047123
0.056239
0.000897
0.005304
0.014378
0.036701
0.010092
0.021751
0.005104
0.092887
0.007065
0.074235
0.020229
0.005422
0.000088
0.008814
0.078984
0.004760
0.040411
0.052386
0.097995
0.013837
0.052584
0.028338
0.019816
0.162487
0.032829
0.059542
0.017279
0.019539
0.047692
0.000030
0.072152
0.025443
0.037448
0.144148
0.020483
0.058346
0.024457
0.022582
0.025442
0.024807
0.042760
0.002102
0.003135
0.040088
0.008889
0.005773
0.021600
0.017228
0.014115
0.007022
0.038181
0.092713
0.047208
0.005495
0.014252
0.004376
0.039333
0.019211
0.009182
0.043167
0.029462
0.027021
0.107119
0.004838
0.021969
0.007167
0.033943
0.001331
0.045371
0.007970
0.018195
0.071608
0.049484
0.012363
0.002468
0.016404
0.016355
0.005196
0.172701
0.023665
0.034652
0.076120
0.003176
0.011504
0.021979
0.068833
0.024449
0.024705
0.009837
0.001742
0.100704
0.042994
0.035776
0.000092
0.009389
0.029115
0.104483
0.024746
0.012473
0.023431
0.014058
0.003197
0.080765
0.074689
0.088997
0.136619
0.002155
0.006658
0.002033
0.015054
0.043651
0.001481
0.009201
0.003606
0.016975
0.071590
0.046785
0.004140
0.086047
0.010115
0.003584
0.015608
0.002768
0.004998
0.002237
0.066171
0.015288
0.022378
0.013363
0.002269
0.000434
0.031623
0.025776
0.033287
0.021945
0.066191
0.042666
0.074814
0.035177
0.052716
0.013590
0.022658
0.003657
0.019758
0.146976
0.027229
0.022081
0.010760
0.031745
0.016572
0.005812
0.005864
0.000948
0.015506
0.053135
0.021065
0.002517
0.012710
0.006411
0.035300
0.010175
0.013079
0.031346
0.004375
0.006357
0.002159
0.087789
0.031064
0.202821
0.113498
0.140194
0.063347
0.139616
0.065391
0.025986
0.014628
0.020196
0.074285
0.444695
0.012708
0.127288
0.103539
0.001048
0.023955
0.029763
0.075409
0.047383
0.151965
0.171470
0.055779
0.062134
0.240223
0.122354
0.086834
0.374008
0.160094
0.252064
0.087750
0.030299
0.031809
0.038693
0.120342
0.013905
0.193345
0.224189
0.014899
0.055471
0.128410
0.013648
0.011320
0.165340
0.018571
0.082215
0.075495
0.015550
0.056577
0.222854
0.012901
0.033810
0.067191
0.016450
0.030449
0.224111
0.132153
0.014073
0.042091
0.008652
0.008037
0.208980
0.151001
0.020979
0.105919
0.048042
0.063315
0.209454
0.092331
0.023591
0.436722
0.150944
0.010768
0.143258
0.033875
0.032290
0.242699
0.240916
0.023669
0.036821
0.371192
0.050504
0.032404
0.147397
0.289234
0.012505
0.091852
0.019129
0.019459
0.000018
0.323216
0.088758
0.044451
0.041144
0.006134
0.000518
0.189209
0.026089
0.074911
0.220641
0.099930
0.137658
0.028404
0.160785
0.029230
0.204279
0.121879
0.003987
0.279206
0.168330
0.258328
0.100660
0.130399
0.158709
0.098530
0.071390
0.011768
0.189301
0.085030
0.085168
0.073914
0.025574
0.110452
0.115960
0.011763
0.013940
0.433562
0.270282
0.107309
0.190386
0.213275
0.021328
0.008967
0.056534
0.183498
0.039313
0.029387
0.064201
0.100892
0.324123
0.086416
0.061830
0.044891
0.024483
0.056621
0.094715
0.088437
0.046299
0.001604
0.040277
0.116412
0.097893
0.035145
0.001604
0.037168
0.004148
0.003982
0.031689
0.035178
0.032408
0.070363
0.025133
0.011577
0.064567
0.061701
0.007137
0.042085
0.042087
0.112751
0.026984
0.062382
0.023147
0.006251
0.002671
0.009073
0.003327
0.148918
0.131996
0.039120
0.001309
0.010969
0.051636
0.006562
0.004253
0.036764
0.015432
0.016331
0.015087
0.083993
0.011074
0.120668
0.039598
0.004745
0.043143
0.017494
0.088243
0.029169
0.039716
0.003388
0.002398
0.008174
0.071310
0.047273
0.033719
0.023617
0.012382
0.078518
0.049409
0.034950
0.030864
0.005613
0.056513
0.011062
0.053324
0.062994
0.001980
0.034616
0.043471
0.044061
0.016405
0.008214
0.007832
0.126510
0.029247
0.010513
0.001979
0.010806
0.046706
0.191199
0.129227
0.013019
0.066728
0.009942
0.063453
0.049685
0.000800
0.047510
0.022987
0.019999
0.047371
0.012775
0.028035
0.021875
0.033632
0.027186
0.009232
0.053990
0.013249
0.013761
0.044454
0.063069
0.011588
0.064296
0.052507
0.029394
0.066480
0.008005
0.035589
0.042647
0.032021
0.037037
0.003738
0.085590
0.051244
0.215126
0.037460
0.049903
0.002463
0.085244
0.045238
0.017750
0.019475
0.003385
0.003261
0.017674
0.032931
0.020404
0.035589
0.047764
0.012977
0.167095
0.039022
0.109247
0.031553
0.010032
0.032091
0.099927
0.006184
0.012985
0.144020
0.127720
0.029990
0.014500
0.108172
0.023584
0.015037
0.016968
0.042497
0.001963
0.003288
0.074341
0.003302
0.001705
0.047043
0.019270
0.016593
0.026642
0.019498
0.011042
0.018329
0.007296
0.102245
0.016250
0.039019
0.031045
0.169179
0.083780
0.073811
0.046251
0.050054
0.061217
0.044551
0.006815
0.049286
0.004657
0.042909
0.158214
0.256884
0.019356
0.095549
0.049301
0.002677
0.018125
0.037794
0.039386
0.095333
0.109515
0.043464
0.040026
0.004731
0.035118
0.035388
0.023157
0.012508
0.097029
0.010426
0.015393
0.051498
0.041790
0.052925
0.019967
0.039168
0.023582
0.060189
0.123809
0.007908
0.049600
0.021865
0.034572
0.008166
0.040574
0.014717
0.032289
0.121985
0.050755
0.059465
0.024992
0.026381
0.080407
0.013706
0.053503
0.021842
0.035126
0.099853
0.061512
0.049462
0.011330
0.060116
0.045603
0.061719
0.126116
0.097186
0.065553
0.172644
0.197561
0.076004
0.023435
0.098016
0.021208
0.145876
0.016960
0.044625
0.020125
0.008014
0.280585
0.042539
0.001084
0.042515
0.042680
0.011308
0.082673
0.022963
0.004946
0.107163
0.001151
0.044438
0.043352
0.100537
0.066443
0.115527
0.047397
0.057169
0.240453
0.132397
0.006653
0.002841
0.021462
0.044213
0.023855
0.000148
0.062712
0.006795
0.054129
0.006386
0.013860
0.097297
0.004902
0.037505
0.061028
0.086229
0.011010
0.079273
0.002954
0.009192
0.019202
0.068581
0.007799
0.031241
0.010984
0.054268
0.121445
0.068147
0.167073
0.016734
0.025449
0.007690
0.133581
0.155984
0.047155
0.005333
0.029113
0.162054
0.032799
0.023004
0.072144
0.027291
0.035339
0.012895
0.049257
0.034280
0.110979
0.179603
0.060719
0.022272
0.120993
0.187166
0.266470
0.218160
0.016187
0.129826
0.087720
0.020366
0.212374
0.017095
0.003824
0.102019
0.104806
0.017258
0.008865
0.161474
0.044493
0.239912
0.329813
0.287907
0.108533
0.133047
0.004005
0.140723
0.038281
0.094616
0.005924
0.112172
0.101573
0.085029
0.081177
0.071047
0.152255
0.062612
0.286682
0.002182
0.117466
0.237768
0.225344
0.102115
0.064702
0.150123
0.059602
0.040899
0.137438
0.236397
0.046749
0.017991
0.034393
0.028186
0.015318
0.286777
0.270294
0.157338
0.018564
0.077095
0.072502
0.016191
0.037234
0.323749
0.012707
0.064152
0.029691
0.066869
0.051595
0.043322
0.006921
0.188608
0.363242
0.054054
0.008213
0.024252
0.059619
0.290283
0.180452
0.045010
0.065355
0.008685
0.016593
0.133075
0.032396
0.191428
0.192126
0.008054
0.079686
0.052092
0.010243
0.031118
0.070753
0.064593
0.023931
0.420024
0.002924
0.049567
0.150283
0.060386
0.113889
0.182346
0.027709
0.077117
0.027952
0.051599
0.155538
0.205821
0.005268
0.070993
0.038526
0.102818
0.212301
0.118422
0.037267
0.133067
0.258387
0.049268
0.010855
0.234491
0.317108
0.163334
0.541203
0.596395
0.166222
0.055534
0.191282
0.023500
0.260796
0.085972
0.227303
0.083142
0.012970
0.036840
0.017487
0.019415
0.007443
0.027118
0.011518
0.047247
0.026931
0.031444
0.099351
0.002011
0.031371
0.001364
0.008900
0.000375
0.012397
0.072922
0.030732
0.078786
0.042875
0.010054
0.000673
0.020888
0.029945
0.029197
0.029291
0.008471
0.020903
0.001852
0.008739
0.003233
0.000471
0.090210
0.024076
0.006051
0.057531
0.000490
0.005961
0.022513
0.010059
0.019021
0.015653
0.052760
0.004827
0.053457
0.004934
0.003962
0.015046
0.060417
0.019729
0.027749
0.083212
0.017856
0.049445
0.010056
0.002238
0.143375
0.030027
0.009187
0.029053
0.013047
0.019962
0.029053
0.009865
0.056253
0.034939
0.011061
0.005175
0.014666
0.006256
0.115561
0.040805
0.008803
0.011562
0.016864
0.044658
0.022211
0.009529
0.029098
0.039063
0.002493
0.078824
0.062200
0.034333
0.011922
0.035501
0.024505
0.016148
0.003604
0.006022
0.136702
0.002217
0.007584
0.053879
0.009090
0.011076
0.013913
0.008427
0.017303
0.071750
0.001703
0.033084
0.006961
0.038859
0.009232
0.010573
0.000095
0.018935
0.010178
0.047578
0.000252
0.052221
0.033785
0.000309
0.019336
0.040795
0.072967
0.010489
0.008172
0.005442
0.020629
0.024075
0.065816
0.037498
0.021282
0.036473
0.023467
0.000999
0.007307
0.031446
0.009166
0.041723
0.036098
0.018888
0.023203
0.009465
0.014270
0.091511
0.030368
0.041549
0.020525
0.080432
0.025213
0.016940
0.043554
0.010415
0.022824
0.029573
0.030896
0.002975
0.016288
0.008505
0.042257
0.027736
0.066631
0.018225
0.021133
0.037915
0.018421
0.046994
0.039564
0.094670
0.000540
0.012743
0.025520
0.009600
0.006500
0.030724
0.013584
0.027838
0.020031
0.012600
0.041875
0.067817
0.031489
0.022309
0.010932
0.012446
0.004378
0.005165
0.084777
0.002095
0.080282
0.021973
0.008695
0.002380
0.002435
0.030933
0.010288
0.005320
0.038750
0.033445
0.012453
0.036402
0.012839
0.008711
0.000838
0.101167
0.005981
0.005516
0.031858
0.016120
0.011906
0.060954
0.011275
0.002057
0.008385
0.004666
0.015448
0.042550
0.039979
0.044018
0.018062
0.015394
0.005516
0.018952
0.035514
0.040185
0.032052
0.036055
0.034392
0.016676
0.010365
0.005824
0.018722
0.059453
0.020446
0.018251
0.038462
0.016049
0.097383
0.005542
0.071304
0.062674
0.119060
0.012091
0.033030
0.028199
0.028448
0.018342
0.007724
0.007200
0.076227
0.009379
0.024803
0.002741
0.015017
0.019394
0.101472
0.036366
0.043508
0.070437
0.026820
0.001651
0.004014
0.000150
0.019342
0.035944
0.001096
0.000410
0.007145
0.056243
0.001426
0.072971
0.016636
0.010430
0.001607
0.001809
0.110708
0.013358
0.000573
0.019936
0.026019
0.000805
0.041743
0.005861
0.005526
0.006166
0.019073
0.105734
0.007595
0.019165
0.017606
0.003076
0.055185
0.015003
0.005755
0.001571
0.033409
0.003206
0.002452
0.003176
0.001045
0.008734
0.069142
0.007831
0.045680
0.013259
0.033623
0.040175
0.012134
0.019261
0.014452
0.043664
0.009694
0.001800
0.022371
0.016339
0.009933
0.028630
0.033307
0.090387
0.042902
0.023703
0.065538
0.007347
0.023422
0.007893
0.015399
0.001547
0.023372
0.002909
0.015545
0.002783
0.052253
0.015465
0.071893
0.017448
0.019279
0.005295
0.055703
0.010420
0.041640
0.006119
0.004199
0.043959
0.032568
0.001116
0.043306
0.000051
0.008452
0.008531
0.010230
0.004586
0.044869
0.008099
0.029119
0.007922
0.016132
0.014063
0.092083
0.016370
0.004192
0.011809
0.007830
0.008728
0.048074
0.008903
0.010556
0.057285
0.013723
0.033037
0.064012
0.012261
0.006323
0.054247
0.035728
0.012465
0.025431
0.024455
0.047336
0.025693
0.002099
0.006669
0.009188
0.037724
0.006869
0.031010
0.009452
0.004403
0.038141
0.044810
0.021618
0.015640
0.014335
0.020795
0.014209
0.032972
0.008023
0.024182
0.012716
0.028199
0.036231
0.026094
0.028307
0.006247
0.075120
0.006523
0.001283
0.034230
0.043289
0.000891
0.024957
0.016946
0.053188
0.031145
0.012097
0.015369
0.007561
0.010666
0.006879
0.002251
0.000486
0.008849
0.001994
0.035348
0.026963
0.095069
0.001369
0.028273
0.034777
0.009420
0.015548
0.001432
0.015296
0.021141
0.004357
0.004535
0.219761
0.014596
0.000098
0.050823
0.002406
0.041046
0.032674
0.008986
0.019578
0.015512
0.002084
0.009008
0.000404
0.012124
0.015128
0.004051
0.004066
0.165013
0.004006
0.019839
0.006260
0.118329
0.003284
0.077180
0.003160
0.010860
0.052855
0.049528
0.002358
0.044923
0.005599
0.003743
0.008790
0.016094
0.001944
0.010510
0.014689
0.035366
0.032982
0.002112
0.009049
0.091981
0.035513
0.024976
0.000664
0.020699
0.015124
0.043738
0.096113
0.012074
0.075970
0.001953
0.000104
0.030062
0.013645
0.007287
0.023884
0.036476
0.001317
0.039147
0.060633
0.013542
0.011481
0.002831
0.018636
0.017566
0.106020
0.001215
0.016926
0.006138
0.117710
0.013346
0.003209
0.024174
0.013105
0.032231
0.135102
0.012784
0.000080
0.035936
0.028632
0.005588
0.006091
0.007551
0.006683
0.008444
0.008424
0.032757
0.011926
0.004692
0.043758
0.010715
0.026682
0.010993
0.017737
0.021627
0.063256
0.015933
0.001718
0.004150
0.015886
0.004076
0.015261
0.045451
0.019673
0.024227
0.063023
0.100368
0.027677
0.061036
0.006014
0.022577
0.032776
0.057062
0.005360
0.011880
0.005336
0.006090
0.015622
0.063377
0.068768
0.011044
0.021265
0.029885
0.012952
0.019010
0.004035
0.046720
0.017833
0.006442
0.022079
0.029663
0.001250
0.047236
0.020669
0.017878
0.002491
0.003580
0.022391
0.076173
0.021283
0.000379
0.054293
0.009800
0.014487
0.002028
0.019857
0.033550
0.056890
0.009530
0.001858
0.031726
0.019194
0.034285
0.004061
0.265077
0.007543
0.012045
0.017718
0.242073
0.088462
0.187085
0.187655
0.080939
0.113506
0.020104
0.307793
0.333746
0.228191
0.020646
0.015647
0.046232
0.103233
0.130571
0.103625
0.020660
0.007252
0.147943
0.265592
0.084670
0.109286
0.039956
0.001062
0.081545
0.231345
0.061679
0.134231
0.040011
0.022875
0.076822
0.033848
0.005603
0.127998
0.245578
0.001960
0.029580
0.105604
0.003327
0.001879
0.172768
0.061398
0.015422
0.483703
0.124214
0.123241
0.033176
0.044013
0.009687
0.106289
0.277078
0.107358
0.114200
0.074591
0.056359
0.004978
0.023944
0.155694
0.057114
0.008966
0.049826
0.033484
0.041711
0.003450
0.259286
0.133928
0.586121
0.014736
0.186525
0.037623
0.321783
0.001923
0.011126
0.123738
0.078350
0.070115
0.060170
0.150235
0.101583
0.019175
0.098886
0.141640
0.189139
0.063675
0.271683
0.039923
0.032576
0.116211
0.045638
0.068928
0.253401
0.076265
0.132107
0.005579
0.258455
0.029202
0.034908
0.047394
0.194848
0.017398
0.152623
0.292286
0.013411
0.052939
0.028777
0.165990
0.658350
0.141070
0.081391
0.057931
0.034079
0.137296
0.190253
0.082054
0.108160
0.082944
0.025559
0.121722
0.026043
0.066266
0.043526
0.035130
0.131902
0.196514
0.129343
0.049028
0.068444
0.002557
0.030420
0.033643
0.079821
0.083594
0.125679
0.038699
0.060588
0.024096
0.154593
0.020772
0.044449
0.017049
0.065918
0.021120
0.156399
0.037490
0.021135
0.006303
0.011930
0.053460
0.013054
0.009559
0.017319
0.003362
0.028421
0.035187
0.012685
0.009912
0.006713
0.028340
0.012524
0.037876
0.042748
0.070791
0.037765
0.009856
0.071738
0.023670
0.003210
0.005629
0.021977
0.005647
0.010371
0.098530
0.018554
0.008720
0.052850
0.016911
0.080213
0.032060
0.007017
0.012992
0.019941
0.010218
0.070439
0.036968
0.004002
0.012159
0.001078
0.010791
0.024547
0.001216
0.006262
0.034535
0.022070
0.008308
0.001964
0.024363
0.015949
0.025528
0.004300
0.029150
0.027632
0.114297
0.006960
0.013935
0.020040
0.007837
0.044885
0.000098
0.056109
0.020853
0.014130
0.011339
0.008798
0.040723
0.016716
0.097265
0.021616
0.034825
0.011646
0.051549
0.002581
0.012795
0.016726
0.011235
0.046311
0.036854
0.030411
0.008317
0.009537
0.006759
0.022836
0.001053
0.008502
0.015679
0.002920
0.019863
0.035784
0.012491
0.016727
0.032216
0.009125
0.041342
0.003256
0.015949
0.020833
0.017165
0.012480
0.043351
0.014441
0.011914
0.003398
0.059023
0.018291
0.037168
0.027428
0.008322
0.034382
0.031835
0.001319
0.059436
0.018117
0.008677
0.015570
0.001094
0.008740
0.019275
0.053613
0.017726
0.001172
0.014899
0.080348
0.012018
0.014907
0.038259
0.076197
0.010319
0.044870
0.009142
0.011738
0.014374
0.010327
0.004339
0.036177
0.003222
0.019826
0.012758
0.027661
0.012710
0.004660
0.000626
0.054893
0.036743
0.021120
0.125274
0.118000
0.004512
0.024174
0.009380
0.000359
0.011488
0.084985
0.034677
0.019009
0.057969
0.008161
0.001222
0.000081
0.004072
0.008918
0.033035
0.019458
0.023327
0.005422
0.028227
0.038408
0.024337
0.077650
0.012095
0.019601
0.017241
0.073034
0.035063
0.049256
0.032642
0.013591
0.012800
0.020936
0.017599
0.050173
0.001705
0.002586
0.010021
0.020196
0.003329
0.005011
0.027124
0.021202
0.028671
0.015501
0.095061
0.066257
0.059629
0.017155
0.001223
0.024631
0.001438
0.020140
0.013913
0.004981
0.006814
0.024718
0.000086
0.017260
0.015140
0.021700
0.019063
0.034658
0.013142
0.019392
0.002148
0.023353
0.071805
0.004355
0.047901
0.007107
0.035608
0.095458
0.046736
0.006028
0.056557
0.005625
0.010671
0.014603
0.012823
0.157463
0.002402
0.028500
0.048878
0.000101
0.001591
0.022103
0.014399
0.029414
0.045565
0.066374
0.014271
0.003776
0.009072
0.025755
0.071530
0.024545
0.021099
0.045508
0.035352
0.013814
0.002304
0.069381
0.010256
0.021540
0.013085
0.028102
0.015388
0.000948
0.003538
0.066272
0.024589
0.016502
0.002714
0.004128
0.001236
0.031418
0.060610
0.001415
0.031976
0.017592
0.015850
0.017784
0.000445
0.028103
0.040100
0.010081
0.011882
0.051253
0.024093
0.021860
0.019091
0.023963
0.006428
0.022116
0.002914
0.008011
0.057668
0.006887
0.002217
0.019527
0.000368
0.012735
0.007218
0.000243
0.041885
0.004214
0.010577
0.068476
0.031374
0.017629
0.142887
0.024727
0.002583
0.022146
0.006171
0.008492
0.028848
0.004847
0.057660
0.028570
0.036241
0.004379
0.008021
0.075835
0.032521
0.016006
0.036305
0.006690
0.095922
0.025114
0.002490
0.018682
0.015802
0.004325
0.204688
0.009862
0.026960
0.004583
0.007577
0.013374
0.008546
0.007176
0.041272
0.145131
0.012038
0.041100
0.034793
0.000783
0.000429
0.060095
0.002607
0.018380
0.018755
0.013710
0.041932
0.003019
0.000880
0.009431
0.011503
0.014517
0.006537
0.005199
0.038653
0.072104
0.015365
0.034184
0.057003
0.003637
0.016370
0.048675
0.022698
0.035437
0.009336
0.023399
0.007723
0.027864
0.006561
0.011501
0.022597
0.010176
0.057669
0.007930
0.025006
0.018204
0.020660
0.043041
0.013790
0.019500
0.017904
0.020832
0.012867
0.018407
0.005604
0.008337
0.001952
0.023124
0.011134
0.029681
0.033874
0.018933
0.031301
0.017738
0.077078
0.090728
0.072991
0.005969
0.019800
0.022452
0.018162
0.060275
0.107909
0.026741
0.002459
0.007525
0.008619
0.002386
0.062287
0.021145
0.004577
0.038922
0.006459
0.028228
0.001904
0.035971
0.010594
0.018384
0.000192
0.013994
0.007056
0.002684
0.003269
0.005041
0.006323
0.028900
0.002764
0.000156
0.032620
0.015570
0.000513
0.003307
0.004723
0.007655
0.040497
0.019311
0.005445
0.006332
0.012958
0.005800
0.006054
0.024888
0.009379
0.014452
0.023163
0.016669
0.053597
0.005770
0.045710
0.022493
0.047222
0.001976
0.002409
0.027292
0.027620
0.007186
0.024566
0.051336
0.036945
0.026060
0.043002
0.027847
0.023720
0.004338
0.002015
0.010420
0.019011
0.008438
0.018230
0.005078
0.027326
0.014785
0.012732
0.002779
0.000875
0.009942
0.038245
0.000196
0.020840
0.017945
0.000105
0.009132
0.000524
0.022786
0.017167
0.045081
0.035758
0.005093
0.037936
0.033498
0.047657
0.061939
0.001582
0.010672
0.060006
0.028692
0.057683
0.006900
0.017734
0.018642
0.022398
0.037065
0.001332
0.010640
0.026868
0.004971
0.026994
0.069482
0.020210
0.004313
0.001896
0.005616
0.014329
0.006999
0.006093
0.006971
0.022479
0.001773
0.020639
0.048021
0.000479
0.058832
0.011340
0.002306
0.078839
0.010487
0.010774
0.007662
0.026697
0.057651
0.002742
0.105005
0.000601
0.008418
0.057780
0.030661
0.097090
0.004717
0.040760
0.009351
0.033588
0.026735
0.027195
0.041508
0.013478
0.003775
0.032738
0.065200
0.026009
0.031232
0.006900
0.016774
0.041663
0.001205
0.000890
0.060685
0.016739
0.053385
0.017043
0.060721
0.026875
0.035245
0.051938
0.001742
0.003174
0.050469
0.026390
0.018228
0.008849
0.000180
0.021082
0.003454
0.030593
0.019822
0.002654
0.073892
0.009509
0.024972
0.001231
0.021432
0.025123
0.011029
0.003509
0.005800
0.004804
0.018676
0.017402
0.094681
0.004975
0.000927
0.001908
0.046042
0.007386
0.007931
0.026109
0.008068
0.066470
0.082897
0.052171
0.022340
0.062480
0.009025
0.000388
0.002038
0.071635
0.026969
0.007965
0.031443
0.037809
0.065407
0.044743
0.003858
0.008248
0.001658
0.023911
0.034510
0.012385
0.003701
0.021305
0.005710
0.000535
0.001492
0.025084
0.033480
0.600497
0.079028
0.042934
0.117530
0.026110
0.017235
0.155910
0.005287
0.087590
0.007065
0.046965
0.230977
0.039498
0.033871
0.180555
0.022455
0.033949
0.019649
0.025482
0.112353
0.074502
0.037282
0.072837
0.038294
0.015101
0.113180
0.084592
0.004728
0.009234
0.057723
0.123978
0.026894
0.025173
0.037788
0.480198
0.312647
0.101275
0.047596
0.000215
0.003879
0.074847
0.163317
0.055838
0.018277
0.067226
0.016973
0.103932
0.058478
0.101934
0.065818
0.067491
0.163672
0.006087
0.086048
0.044855
0.215643
0.164638
0.072025
0.020301
0.569640
0.082443
0.049669
0.023008
0.035106
0.179840
0.045352
0.003048
0.085448
0.074544
0.116114
0.030727
0.028783
0.106831
0.037052
0.176098
0.033268
0.041403
0.216299
0.072512
0.345361
0.046638
0.061030
0.091611
0.369262
0.050165
0.196541
0.047180
0.067948
0.192385
0.057573
0.079272
0.411434
0.055847
0.001324
0.004053
0.104267
0.037406
0.239478
0.038097
0.064563
0.081044
0.077613
0.123113
0.431552
0.062630
0.079370
0.050770
0.028866
0.007433
0.313625
0.167359
0.061149
0.073361
0.121995
0.178599
0.099282
0.073286
0.113019
0.158778
0.001128
0.058620
0.282317
0.046454
0.009939
0.005996
0.007920
0.130047
0.119588
0.250009
0.074222
0.241201
0.071041
0.045196
0.042927
0.236353
0.112649
0.112529
0.018180
0.258709
0.062939
0.026796
0.107344
0.200235
0.144218
0.096979
0.058252
0.067447
0.004680
0.052804
0.043433
0.000936
0.012733
0.001100
0.019065
0.068530
0.001688
0.004622
0.073895
0.060926
0.097103
0.009613
0.025334
0.005369
0.019327
0.095432
0.013009
0.036730
0.001145
0.014566
0.000777
0.009477
0.006824
0.018327
0.012318
0.025404
0.033160
0.075119
0.064791
0.047045
0.007501
0.076705
0.078687
0.001616
0.014828
0.090753
0.039624
0.020272
0.157862
0.024409
0.100053
0.026504
0.006488
0.039733
0.006113
0.118009
0.023015
0.041544
0.000397
0.101986
0.032066
0.017028
0.000105
0.002932
0.014569
0.089537
0.037825
0.029425
0.052591
0.012181
0.023912
0.026258
0.000797
0.004037
0.005997
0.008702
0.027963
0.010198
0.033136
0.018799
0.050493
0.078173
0.016173
0.136656
0.015586
0.009885
0.116200
0.012983
0.061723
0.047461
0.173464
0.034586
0.003150
0.038949
0.031157
0.074604
0.014917
0.028108
0.047359
0.035442
0.005287
0.090746
0.022107
0.001251
0.005940
0.005869
0.009566
0.052774
0.011905
0.054421
0.035947
0.009792
0.008485
0.009889
0.016823
0.038691
0.002497
0.008592
0.041904
0.094577
0.017348
0.013897
0.112617
0.078889
0.031391
0.004295
0.063973
0.097037
0.018875
0.020702
0.020168
0.029985
0.035465
0.001316
0.026233
0.009854
0.011360
0.050111
0.014147
0.022449
0.025850
0.042871
0.034714
0.065417
0.022903
0.020564
0.089951
0.056058
0.002176
0.152644
0.024992
0.091234
0.024417
0.048040
0.042913
0.020627
0.001521
0.027255
0.010722
0.077250
0.007091
0.022873
0.061942
0.003240
0.082637
0.010317
0.003287
0.013345
0.055068
0.056421
0.104018
0.009440
0.001559
0.043680
0.215640
0.094732
0.109782
0.001107
0.002682
0.009429
0.051126
0.020352
0.096898
0.031736
0.020802
0.023601
0.035973
0.060869
0.013135
0.035248
0.004726
0.026974
0.021862
0.010480
0.008606
0.012919
0.064423
0.001775
0.015809
0.022524
0.041011
0.000744
0.005706
0.003268
0.046571
0.026460
0.008728
0.062705
0.016258
0.014510
0.045903
0.014792
0.007325
0.023097
0.025372
0.092330
0.045797
0.075005
0.057079
0.015660
0.023130
0.043576
0.043146
0.041497
0.003330
0.000431
0.048792
0.018216
0.003703
0.007872
0.020009
0.029545
0.056817
0.019182
0.065901
0.029112
0.011054
0.026145
0.081647
0.052989
0.019722
0.047231
0.000594
0.039939
0.026276
0.007041
0.014805
0.020577
0.016729
0.124437
0.000342
0.015496
0.042644
0.078044
0.005056
0.018416
0.013728
0.034768
0.029441
0.005721
0.057971
0.020521
0.012096
0.000695
0.042469
0.011554
0.008639
0.004560
0.000163
0.206343
0.027259
0.008893
0.043140
0.067561
0.031518
0.091752
0.012952
0.006895
0.020440
0.006989
0.000322
0.030915
0.049419
0.087734
0.000817
0.041912
0.106704
0.038434
0.014191
0.006109
0.021928
0.027823
0.027027
0.011084
0.024392
0.063600
0.007808
0.036919
0.032455
0.112048
0.001539
0.008848
0.010047
0.022061
0.011112
0.028907
0.001568
0.020013
0.036948
0.022826
0.094118
0.045689
0.001578
0.000580
0.000889
0.003777
0.037533
0.103940
0.024590
0.027677
0.033046
0.026954
0.077769
0.048523
0.082862
0.047740
0.052147
0.046429
0.056717
0.011441
0.162623
0.005471
0.005461
0.027687
0.075880
0.043659
0.002091
0.060733
0.009077
0.013334
0.011720
0.009988
0.019714
0.026534
0.000051
0.059358
0.055174
0.000466
0.013080
0.003274
0.013880
0.003364
0.007331
0.000589
0.010319
0.060142
0.031780
0.004390
0.040740
0.085138
0.003394
0.007179
0.017597
0.028745
0.026671
0.003520
0.003438
0.008586
0.041475
0.076744
0.061583
0.035133
0.110178
0.017771
0.013926
0.025439
0.045686
0.044871
0.199352
0.024597
0.015294
0.023823
0.024053
0.009795
0.008358
0.016025
0.131623
0.108698
0.018251
0.012553
0.083113
0.008849
0.039263
0.031192
0.058979
0.019061
0.031332
0.017047
0.026234
0.028289
0.060463
0.006025
0.012242
0.074576
0.066293
0.047797
0.033616
0.011077
0.068955
0.013967
0.004304
0.061579
0.014959
0.007365
0.002024
0.012687
0.018951
0.005600
0.014272
0.072081
0.018210
0.005307
0.045446
0.073532
0.052194
0.049650
0.013008
0.021457
0.030703
0.012076
0.045989
0.011016
0.054513
0.039160
0.037959
0.009728
0.101487
0.045973
0.011732
0.014267
0.007598
0.061282
0.031624
0.050255
0.018257
0.064053
0.057946
0.009505
0.039964
0.011447
0.002519
0.010179
0.034675
0.000844
0.000635
0.000779
0.015221
0.011870
0.019951
0.024879
0.001769
0.021804
0.164580
0.019218
0.002292
0.037720
0.016802
0.013366
0.003736
0.110298
0.032903
0.034506
0.052128
0.051340
0.035643
0.150950
0.025733
0.026922
0.057618
0.000123
0.047478
0.005506
0.005029
0.023100
0.015144
0.036526
0.056581
0.046163
0.011303
0.022757
0.008490
0.007581
0.003725
0.103064
0.040806
0.046189
0.032565
0.057022
0.008087
0.025091
0.021595
0.007983
0.009079
0.019392
0.012858
0.163928
0.002007
0.005829
0.011927
0.017151
0.165722
0.023104
0.016436
0.012179
0.002151
0.013347
0.031385
0.060465
0.013962
0.017233
0.052907
0.002164
0.033811
0.000607
0.009850
0.057518
0.001521
0.023583
0.002483
0.028484
0.065597
0.008101
0.011052
0.000318
0.049721
0.011361
0.005875
0.042583
0.009270
0.015594
0.056627
0.000123
0.082331
0.010896
0.018236
0.077042
0.055248
0.005410
0.131388
0.036938
0.056520
0.005046
0.000785
0.017291
0.008140
0.016565
0.060657
0.001053
0.038459
0.013673
0.011432
0.022893
0.134174
0.059938
0.031443
0.007675
0.028931
0.000213
0.000751
0.031590
0.005810
0.026252
0.031479
0.009736
0.008577
0.061802
0.000249
0.125591
0.038857
0.006409
0.031365
0.145962
0.009366
0.002804
0.089154
0.019334
0.060931
0.013042
0.003666
0.013683
0.020168
0.022495
0.011847
0.005129
0.130336
0.007510
0.009026
0.049782
0.011474
0.050918
0.037030
0.005318
0.017535
0.007407
0.055314
0.018957
0.001304
0.051069
0.010178
0.026264
0.011664
0.015607
0.083124
0.040489
0.029602
0.046498
0.019279
0.015415
0.065577
0.054646
0.053978
0.046959
0.032511
0.025391
0.017919
0.000335
0.007228
0.027404
0.015372
0.006309
0.007913
0.024428
0.025326
0.008069
0.027151
0.105252
0.008023
0.017456
0.042691
0.016046
0.017777
0.122078
0.024859
0.007256
0.059874
0.011499
0.017863
0.015953
0.017829
0.021911
0.003619
0.000919
0.009957
0.095379
0.055395
0.008689
0.042976
0.005640
0.012912
0.020919
0.001271
0.048044
0.007440
0.138482
0.008587
0.001205
0.049980
0.035577
0.029421
0.002968
0.038970
0.083631
0.036260
0.043423
0.076473
0.003862
0.023465
0.049109
0.010713
0.021378
0.025582
0.010752
0.045928
0.024353
0.011380
0.118699
0.022190
0.033633
0.015129
0.048988
0.010684
0.004626
0.079574
0.037852
0.060789
0.049438
0.001158
0.061715
0.003802
0.041238
0.014252
0.010206
0.068965
0.126245
0.008660
0.017803
0.039249
0.020829
0.032807
0.027652
0.007257
0.096274
0.010243
0.032875
0.016191
0.023530
0.107152
0.057231
0.007209
0.023554
0.108687
0.007604
0.009496
0.025407
0.006331
0.019043
0.014500
0.024381
0.007762
0.015737
0.029794
0.014464
0.030769
0.039116
0.041839
0.025833
0.089061
0.007387
0.037471
0.062356
0.017033
0.029614
0.007155
0.038053
0.017219
0.020562
0.012318
0.024142
0.059108
0.022545
0.001508
0.013151
0.005712
0.030807
0.005774
0.012224
0.039694
0.003979
0.227192
0.028398
0.017375
0.019958
0.028952
0.027563
0.020272
0.002547
0.011733
0.083482
0.026459
0.073038
0.005301
0.002668
0.032946
0.039782
0.038159
0.020152
0.007998
0.015576
0.003461
0.018132
0.025185
0.062273
0.082873
0.007906
0.048513
0.045682
0.005615
0.026340
0.044527
0.040057
0.017296
0.033623
0.020370
0.070968
0.051802
0.007650
0.046806
0.051336
0.008749
0.112564
0.000250
0.043796
0.039574
0.038261
0.038550
0.039266
0.006951
0.016038
0.099245
0.002261
0.014086
0.017280
0.000414
0.010473
0.032050
0.011114
0.016632
0.025431
0.102813
0.101485
0.039319
0.013155
0.023478
0.004212
0.089322
0.009628
0.016228
0.001756
0.021868
0.040106
0.074012
0.008996
0.007305
0.026773
0.002329
0.005581
0.004141
0.012190
0.040179
0.079708
0.069659
0.042333
0.000147
0.136432
0.022933
0.002431
0.012195
0.016051
0.005144
0.031794
0.060154
0.032844
0.029732
0.029371
0.027162
0.027061
0.181865
0.008279
0.015034
0.005889
0.029356
0.029450
0.005509
0.005433
0.048316
0.023172
0.021827
0.000055
0.095305
0.035324
0.028285
0.001093
0.006897
0.020350
0.028085
0.036981
0.093874
0.017797
0.001879
0.009974
0.014327
0.037008
0.017709
0.061668
0.018429
0.000902
0.022009
0.023892
0.031537
0.051122
0.001098
0.037778
0.054212
0.146974
0.026513
0.008242
0.078027
0.012326
0.008244
0.041964
0.022094
0.044890
0.026958
0.066359
0.011647
0.010411
0.026878
0.051952
0.003856
0.063377
0.022800
0.006273
0.001900
0.008498
0.008492
0.128507
0.007946
0.026757
0.021026
0.036344
0.000165
